Webots Project File version R2025a
perspectives: 000000ff00000000fd00000002000000010000011c00000722fc0200000001fb0000001400540065007800740045006400690074006f00720100000017000007220000003f00ffffff0000000300000f00000000d9fc0100000001fb0000001a0043006f006e0073006f006c00650041006c006c0041006c006c010000000000000f000000006900ffffff00000de20000072200000001000000020000000100000008fc00000000
simulationViewPerspectives: 000000ff00000001000000020000010100000ce10100000002010000000100
sceneTreePerspectives: 000000ff00000001000000030000001c000006e5000000fa0100000002010000000200
maximizedDockId: -1
centralWidgetVisible: 1
orthographicViewHeight: 1
textFiles: -1
consoles: Console:All:All
renderingDevicePerspectives: tractor_rover:depth_camera;0;3.88325;0;0.112684;402;1541;3292;388;0
